128
129
130
143
131
116
120
121
122
125
126
127
117
118
119
148
149
159
160
162
123
124
97
115
165
111
147
158
114
145
146
155
101
103
104
113
138
105
108
139
140
141
142
106
107
132
133
134
112
135
136
137
109
110
98
99
100
191
203
202
192
193
204
169
102
164
166
168
174
175
176
182
190
198
178
179
180
177
184
186
187
205
152
163
167
170
172
173
153
154
181
197
199
194
171
185
196
195
201
188
189
200
237
239
240
241
242
150
232
233
234
236
243
228
229
230
231
235
244
238
207
208
210
209
211
212
214
215
219
251
252
255
250
253
254
213
216
218
220
224
225
226
227
271
272
273
274
275
222
265
266
267
292
293
260
261
262
263
264
268
144
217
221
276
270
156
408
269
289
288
279
283
284
290
294
295
296
977
282
285
286
291
280
281
287
246
248
245
249
206
247
454
455
456
457
458
459
462
464
466
480
486
1128
484
485
2548
2561
259
488
161
483
487
461
463
256
452
257
460
258
451
438
439
440
441
446
447
448
453
442
437
443
444
445
449
450
471
474
475
481
482
472
473
465
478
467
476
477
479
468
469
470
324
366
347
325
308
322
323
321
320
327
328
329
330
331
342
344
356
358
359
346
348
352
353
361
367
370
332
345
349
364
368
369
350
351
354
360
362
343
355
357
363
318
319
376
422
428
429
430
431
435
414
415
426
427
436
424
425
432
434
416
423
419
420
421
417
418
7
8
9
6
3
4
11
5
1
2
10
301
302
306
307
310
311
312
313
300
303
304
305
309
299
314
315
316
317
412
413
378
381
386
387
388
398
402
403
409
401
383
384
389
390
391
393
399
400
404
405
406
377
394
395
396
397
379
380
382
385
392
407
410
411
337
338
340
341
372
333
335
336
365
373
374
334
339
371
375
326
433
278
297
298
18
37
22
21
23
16
17
19
20
46
49
24
43
50
51
25
26
52
44
45
47
14
31
32
28
29
30
27
33
34
35
36
38
64
66
68
72
58
57
65
69
70
75
60
61
62
63
73
12
13
15
39
59
67
71
53
54
55
84
85
87
76
77
78
86
80
81
82
89
56
79
88
83
90
91
92
93
94
95
96
40
41
42
2871
2872
2874
2875
2876
2877
2695
2764
2873
2693
2694
2762
2765
2766
2767
2763
1398
1399
1400
1403
1404
1405
1401
1402
1407
1363
1371
1372
1406
1408
1339
1340
1258
1290
1289
1282
1286
1287
1314
1285
1288
1284
1283
1299
1322
1321
1304
1305
1306
1307
1328
1334
1302
1310
1335
1309
1327
1318
1319
1331
1332
1336
1333
1316
1323
1324
1325
1326
1337
1315
1317
1338
1320
1313
1301
1303
1308
1311
1312
1329
1330
1300
1383
1384
1390
1385
1386
1387
1388
1379
1380
1381
1382
1374
1375
1376
1395
1396
1397
1377
1393
1391
1394
1392
1373
1378
1389
1357
1360
1364
1365
1366
1367
1368
1369
1355
1356
1353
1354
1350
1351
1370
1345
1359
1361
1344
1347
1348
1349
1352
1341
1281
1342
1343
1346
1358
1362
649
667
686
688
633
634
635
652
662
636
637
653
655
656
660
615
617
628
630
631
632
651
626
627
629
640
646
647
650
663
698
644
648
654
657
687
691
643
616
618
638
666
680
689
692
699
642
693
664
622
639
641
645
625
5343
684
665
685
677
624
661
5339
659
670
678
679
681
694
695
696
700
671
682
697
668
669
675
683
673
674
676
672
690
701
702
703
704
705
719
718
720
706
707
708
712
714
709
710
711
713
721
725
728
729
723
727
722
724
726
613
614
592
593
594
608
611
612
599
600
606
591
596
597
598
590
602
604
605
603
607
595
601
610
490
553
554
555
556
557
514
518
548
549
515
533
535
540
541
542
543
544
545
546
491
496
497
498
499
501
502
504
551
536
537
532
534
538
539
609
506
507
531
505
512
523
489
508
509
510
524
521
522
494
511
529
560
561
495
503
558
552
559
525
526
528
492
493
513
527
547
550
1126
516
517
519
530
1217
1220
1222
1251
572
574
575
577
562
580
573
576
565
581
566
579
769
759
766
773
763
764
765
768
762
771
760
772
775
520
767
761
770
774
732
738
739
740
741
742
743
818
820
821
822
823
824
834
836
839
744
745
746
747
748
749
750
751
752
753
816
830
831
832
730
731
735
736
737
755
819
825
826
827
828
733
734
754
817
837
838
829
840
756
757
758
833
835
786
1178
1179
1180
1181
1182
568
570
571
587
588
589
578
583
584
585
586
563
564
567
569
582
1194
1193
1191
1192
1184
1186
1187
1188
1190
1070
1081
1092
1093
1094
1090
1091
1053
1068
1069
1083
1189
1072
1067
1071
1080
1082
1054
1058
1060
1061
1066
1062
1055
1065
1077
1078
1079
1075
1076
1063
1086
1087
1088
1089
1056
1057
1059
1074
1084
1085
1064
1272
1273
1266
1265
1269
1267
1270
1268
1257
1259
1264
1254
1255
1261
1271
1277
1278
1279
1260
1262
1263
1276
1280
1048
1274
1275
1256
1292
1297
1296
1298
1293
1294
1295
1291
1170
1171
1172
986
998
980
984
1183
983
987
985
988
996
982
1004
1022
981
995
994
990
993
991
992
989
978
885
877
898
907
935
896
897
882
887
888
889
883
891
854
878
879
880
890
913
876
886
893
894
895
859
892
856
857
868
870
855
861
862
863
864
865
871
918
884
1592
1593
1595
847
842
845
846
849
843
844
848
850
853
869
881
1590
851
858
860
841
866
976
852
867
872
919
936
944
948
950
955
956
959
960
974
943
945
946
953
954
958
961
941
942
952
964
969
970
940
947
939
951
968
973
949
967
899
928
972
957
920
924
925
926
927
934
921
923
909
905
911
912
917
929
930
933
922
931
932
963
962
965
966
971
975
900
903
901
902
906
910
915
916
914
904
908
979
937
938
1130
1143
1148
1147
1129
1132
1133
1141
1145
1151
1019
1163
1165
1166
1167
1168
1169
1117
1146
1158
1160
1164
1175
1177
1134
1135
1136
1137
1138
1139
1140
1051
1157
1159
1162
1173
1174
1176
1114
1115
1116
1149
1113
1161
1142
1127
1150
1449
1722
1744
1099
1103
1122
1104
1105
1102
5354
1120
1121
1123
1096
1106
1110
1118
1124
1101
1109
1119
1131
1108
1111
1112
1125
5344
1107
1152
1153
1154
1155
1580
1581
1206
1207
1208
1209
1210
1204
1205
1211
1214
1212
1215
1213
1226
1233
1234
1235
1236
1239
1244
1250
1227
1228
1229
1230
1232
1241
1253
1225
1237
1238
1242
1243
1216
1240
1248
1231
1249
1223
1224
1245
1246
1247
1218
1219
1221
1252
1523
1524
1839
1841
1837
1840
1838
1842
1843
1000
997
999
1001
1041
1042
1002
1006
1007
1008
1009
1015
1014
1028
1040
1045
1005
1012
1013
1011
1010
1052
1025
1026
1021
1018
1020
1031
1037
1049
1023
1027
1033
1034
1003
1035
1043
1044
1047
1029
1050
1016
1030
1036
1032
1017
1046
1038
1024
1095
1199
1200
1185
1195
1201
1203
1202
1196
1197
1198
1825
1826
1827
1814
1815
1823
1808
1809
1810
1811
1812
1816
1822
1831
1824
1828
1829
1830
1818
1817
1813
1832
1833
1820
1821
1835
1836
1540
1541
1544
1537
1542
1543
1545
779
780
781
782
783
784
787
788
789
791
792
793
799
800
801
802
808
810
811
812
813
794
795
803
804
805
814
815
796
797
798
807
809
776
777
778
785
790
806
1571
1573
1574
1551
1555
1557
1561
1570
1575
1552
1553
1554
1556
1568
1569
1566
1567
1576
1558
1559
1560
1563
1565
1562
1564
1572
1578
1582
1583
1585
1577
1586
1579
1588
1584
1587
1546
1547
1548
1549
1550
1534
1805
1806
1807
1804
1450
1451
1452
1453
1460
1457
1458
1459
1445
1446
1456
1462
873
874
875
1602
1611
1589
1591
1600
1596
1409
1415
1416
1417
1419
1420
1421
1418
1413
1423
1424
1410
1412
1422
1455
1533
1520
1454
1526
1527
1528
1529
1536
1519
1525
1530
1532
1514
1515
1516
1518
1594
1517
1535
1097
1098
1538
1531
1521
1522
1539
1434
1435
1436
1442
1483
1484
1485
1642
1426
1428
1430
1432
1433
1465
1425
1427
1429
1431
1464
1466
1467
1469
2102
2103
2107
2104
2105
2106
1487
1488
1500
1504
1494
1495
1503
1620
1621
1622
1493
1509
1497
1498
1499
1505
1623
1631
1633
1634
1635
1461
1463
1626
1627
1491
1492
1502
1511
1496
1501
1489
1490
1507
1508
1512
1472
1473
1474
1481
1482
1480
1486
1654
1477
1479
1506
1478
1471
1475
1476
1632
1513
1624
1625
1636
1628
1637
1638
1639
1640
1641
1643
1629
1630
1619
1645
1983
1984
1985
1986
1987
1988
1975
1989
1993
1996
1997
1998
1999
1994
1995
2053
1990
1964
1991
1992
2001
1965
1966
2000
1846
1863
1864
1865
1866
1867
1869
1870
1871
1888
1891
1876
1448
1860
1874
1411
1414
1850
1851
1852
1853
1854
1855
1856
1857
1858
1872
1875
1859
1873
1877
1878
1847
1849
1844
1845
1882
1883
1884
2101
1862
1868
1879
1861
1880
1881
1890
2012
2013
2014
2015
2017
2018
2020
2031
2034
2035
2016
1904
1887
1892
1894
1901
1902
1903
1963
2021
1895
1896
1897
1898
1899
1905
2043
2050
2051
1900
2019
2030
2033
2036
2037
1685
1848
1889
1906
1907
1908
1893
1885
1886
1976
1981
1982
2005
1959
1960
1961
1978
1979
1980
1977
2866
2867
2868
2869
2870
2545
2546
2547
2549
2550
2552
2551
2562
2564
2565
2563
2566
2553
2554
2571
2569
2539
2542
2556
2557
2558
2559
2560
2568
2579
2580
2581
2582
2583
2588
2589
2590
2591
2592
2567
2573
2578
2585
2586
2587
2574
2575
2584
2532
2534
2535
2536
2537
2538
2540
2543
2273
2572
2576
2577
2555
1598
1604
1606
1607
1608
1610
1603
1616
1618
1609
1615
1597
1601
1613
1614
1617
1599
1605
1612
2247
2248
2249
2250
2254
2274
2260
2269
2270
2271
2272
2261
2265
2266
2267
2255
2262
2263
2264
2256
2257
2268
2291
2252
2258
2259
2253
2277
2278
2294
2295
2296
2276
2298
2251
2275
2281
2282
2283
2284
2733
2279
2292
2299
2300
2293
2701
2735
2736
2737
2746
2747
2748
2749
2751
2752
2753
2754
2761
2686
2708
2709
2710
2711
2712
2728
2716
2717
2685
2698
2723
2724
2725
2696
2697
2740
2729
2734
2750
2757
2758
2759
2760
2715
2720
2721
2682
2699
2700
2702
2703
2704
2705
2688
2689
2692
2683
2684
2691
2726
2687
2690
2730
2731
2738
2739
2680
2707
2719
2722
2727
2681
2706
2713
2714
2718
2674
2675
2678
2676
2677
2485
2487
2505
2486
2488
2503
2479
2480
2489
2533
2478
2484
2481
2482
2483
2506
2477
2111
2112
2108
2109
2110
2113
1909
1910
1911
1931
1934
1935
1940
1947
1933
1918
1923
1924
1925
1926
1927
1919
1932
1936
1937
1938
1941
1913
1915
1916
1917
1920
1928
1929
1930
1921
1922
1939
1952
1953
1957
1951
1948
1954
1958
1949
1950
1955
1956
1973
2002
1974
1971
1968
1969
1970
1972
2003
1945
2009
2155
1912
1943
1944
1946
2087
2089
2099
2100
1942
2090
2091
2092
2088
2093
2094
1967
2071
2072
2086
2080
2095
2096
2097
2098
2075
2079
2081
2084
2078
2082
2083
2073
2077
2074
2114
2476
2497
2499
2496
2490
2491
2492
2493
2504
2494
2502
2500
2501
2498
2468
2469
2470
2471
2474
2529
2116
2117
2118
2472
2473
2426
2459
2460
2461
2465
2466
2467
2462
2463
2464
2516
2475
2316
2317
2318
2319
2325
2321
2322
2323
2320
2324
2326
2314
2315
2130
1470
2820
2828
2829
2830
2821
2827
2822
2823
2825
2833
2834
2831
2832
5149
